1850, 7.900667, 13.476667, 2.394833
1851, 8.178583, 13.081000, 2.397250
1852, 8.100167, 13.397333, 2.619250
1853, 8.041833, 13.886583, 2.095083
1854, 8.210500, 13.977417, 1.783333
1855, 8.110750, 13.493167, 1.331417
1856, 7.995917, 13.470250, 1.798250
1857, 7.758167, 13.437583, 2.179167
1858, 8.100250, 13.683000, 1.870000
1859, 8.252000, 13.860333, 1.874750
1860, 7.960833, 13.960250, 1.934833
1861, 7.846500, 13.856750, 1.741333
1862, 7.558583, 14.247250, 2.008667
1863, 8.111833, 13.619917, 1.841167
1864, 7.983583, 13.918917, 1.342417
1865, 8.177833, 14.298083, 1.441000
1866, 8.292167, 14.165917, 1.112500
1867, 8.436333, 14.146750, 1.152917
1868, 8.247917, 14.097917, 1.184500
1869, 8.432083, 14.069500, 1.237333
1870, 8.201333, 14.210083, 1.500917
1871, 8.115083, 13.983833, 1.119500
1872, 8.193833, 14.285083, 0.993500
1873, 8.351083, 14.010167, 0.954167
1874, 8.433500, 13.883500, 1.008917
1875, 7.859583, 14.008417, 0.911333
1876, 8.080083, 13.934833, 0.805000
1877, 8.539583, 14.430333, 0.836167
1878, 8.829750, 14.742167, 0.758250
1879, 8.165833, 14.065750, 0.759500
1880, 8.118750, 13.913417, 0.696167
1881, 8.270917, 14.050417, 0.710917
1882, 8.128917, 14.114250, 0.669250
1883, 7.976917, 13.962250, 0.628250
1884, 7.773667, 13.692083, 0.606167
1885, 7.919667, 13.911583, 0.588000
1886, 7.954500, 13.946500, 0.651250
1887, 7.914917, 13.890083, 0.588833
1888, 8.090500, 13.909167, 0.588667
1889, 8.319000, 14.294083, 0.546750
1890, 7.971667, 13.928917, 0.581750
1891, 8.019333, 14.033333, 0.469917
1892, 8.065833, 13.970583, 0.510667
1893, 8.056750, 13.936667, 0.465917
1894, 8.161000, 14.040500, 0.425250
1895, 8.147000, 14.077667, 0.463083
1896, 8.214917, 14.107917, 0.474833
1897, 8.293333, 14.186750, 0.491333
1898, 8.178000, 14.231833, 0.458250
1899, 8.396333, 14.331583, 0.425667
1900, 8.501583, 14.389500, 0.387583
1901, 8.541917, 14.512167, 0.448167
1902, 8.304417, 14.364250, 0.394333
1903, 8.220167, 14.085750, 0.389750
1904, 8.090917, 14.063667, 0.500000
1905, 8.225167, 14.082167, 0.369500
1906, 8.379083, 14.244000, 0.384000
1907, 7.947167, 13.807833, 0.365417
1908, 8.186083, 14.038750, 0.352000
1909, 8.178250, 14.026583, 0.367417
1910, 8.223000, 14.097333, 0.330250
1911, 8.177000, 13.987833, 0.337750
1912, 8.165417, 14.053333, 0.330917
1913, 8.297750, 14.201750, 0.345500
1914, 8.590500, 14.314500, 0.316667
1915, 8.593167, 14.474167, 0.399000
1916, 8.225250, 14.097167, 0.323917
1917, 8.023333, 13.925917, 0.319500
1918, 8.130833, 13.961083, 0.286417
1919, 8.382250, 14.156333, 0.341250
1920, 8.358750, 14.142667, 0.353250
1921, 8.571000, 14.424417, 0.289750
1922, 8.408000, 14.205250, 0.315667
1923, 8.422167, 14.181750, 0.284750
1924, 8.506833, 14.223833, 0.279250
1925, 8.534417, 14.344333, 0.255417
1926, 8.728833, 14.452250, 0.256000
1927, 8.522083, 14.297833, 0.248750
1928, 8.632167, 14.362167, 0.247833
1929, 8.242417, 13.956417, 0.245750
1930, 8.633583, 14.326250, 0.243583
1931, 8.719250, 14.419750, 0.228500
1932, 8.705250, 14.432083, 0.224083
1933, 8.338250, 14.078333, 0.240917
1934, 8.628333, 14.384250, 0.234083
1935, 8.515750, 14.286917, 0.233083
1936, 8.554000, 14.314583, 0.239083
1937, 8.698333, 14.476333, 0.245583
1938, 8.863667, 14.649917, 0.234250
1939, 8.760333, 14.594667, 0.239333
1940, 8.764667, 14.579083, 0.234917
1941, 8.768667, 14.536167, 0.230083
1942, 8.728417, 14.534250, 0.238667
1943, 8.755083, 14.603000, 0.225917
1944, 8.845000, 14.727167, 0.227083
1945, 8.584833, 14.438750, 0.214833
1946, 8.676917, 14.481500, 0.214833
1947, 8.797083, 14.562500, 0.217667
1948, 8.746750, 14.615583, 0.233250
1949, 8.586750, 14.414667, 0.220667
1950, 8.365250, 14.173750, 0.215167
1951, 8.625667, 14.430167, 0.202167
1952, 8.638250, 14.462583, 0.212250
1953, 8.873750, 14.639250, 0.202417
1954, 8.560667, 14.286583, 0.191333
1955, 8.626250, 14.329083, 0.179583
1956, 8.279583, 14.023667, 0.161833
1957, 8.732500, 14.381917, 0.120417
1958, 8.773750, 14.477500, 0.161000
1959, 8.732667, 14.416500, 0.150083
1960, 8.583750, 14.317417, 0.149417
1961, 8.797667, 14.514917, 0.165750
1962, 8.745917, 14.540167, 0.158917
1963, 8.856000, 14.612250, 0.152750
1964, 8.409667, 14.156833, 0.156333
1965, 8.527417, 14.268417, 0.184500
1966, 8.599333, 14.325917, 0.127250
1967, 8.700083, 14.406500, 0.125917
1968, 8.516333, 14.164250, 0.130583
1969, 8.595083, 14.212083, 0.151500
1970, 8.700917, 14.403250, 0.131833
1971, 8.599250, 14.352750, 0.149667
1972, 8.499583, 14.164917, 0.141417
1973, 8.948250, 14.566000, 0.131250
1974, 8.467500, 14.081917, 0.122667
1975, 8.744833, 14.383667, 0.133250
1976, 8.347250, 14.008000, 0.150750
1977, 8.850250, 14.485500, 0.125000
1978, 8.692750, 14.281250, 0.155833
1979, 8.733417, 14.457750, 0.155583
1980, 8.980333, 14.672917, 0.152583
1981, 9.165833, 14.855167, 0.138917
1982, 8.639167, 14.300917, 0.171000
1983, 9.028167, 14.679833, 0.114667
1984, 8.691833, 14.342667, 0.134083
1985, 8.658000, 14.267167, 0.119667
1986, 8.833583, 14.516833, 0.120500
1987, 8.994417, 14.699833, 0.110750
1988, 9.201583, 14.890000, 0.133667
1989, 8.922000, 14.621500, 0.111833
1990, 9.234167, 14.957667, 0.129833
1991, 9.179417, 14.839583, 0.101250
1992, 8.836583, 14.471333, 0.099000
1993, 8.866583, 14.519750, 0.078500
1994, 9.038750, 14.729250, 0.109250
1995, 9.347083, 15.026417, 0.132583
1996, 9.038917, 14.737250, 0.117917
1997, 9.202583, 14.868000, 0.120667
1998, 9.522667, 15.169417, 0.104750
1999, 9.285083, 14.982750, 0.096750
2000, 9.201167, 14.898833, 0.122667
2001, 9.414583, 15.159167, 0.103750
2002, 9.570417, 15.312333, 0.124083
2003, 9.525583, 15.249333, 0.113750
2004, 9.324583, 15.018000, 0.109083
2005, 9.700917, 15.349833, 0.113083
2006, 9.532500, 15.262000, 0.149583
2007, 9.732167, 15.533083, 0.128833
2008, 9.431750, 15.191750, 0.103500
2009, 9.505250, 15.266583, 0.107750
2010, 9.703083, 15.449000, 0.103417
2011, 9.516000, 15.284833, 0.114333
2012, 9.507333, 15.332833, 0.107333
2013, 9.606500, 15.373833, 0.115500
2014, 9.570667, 15.313583, 0.111667
2015, 9.831000, 15.572667, 0.106500
